jact
 [[ 1.177371217003e+02 -8.310432022971e+01]
 [ 1.045829351875e+00 -8.970645965926e-02]]
hest
 [[[ 266.584540505949 -180.078865977687]
  [   1.237136385353   -0.805915927272]]

 [[-180.078865977687  123.58922972701 ]
  [  -0.805915927272    0.540469526027]]]
tau
 2.363427094124592
dfdy [[ 7.4  -1.  ]
 [ 0.04 -0.2 ]]
dBdy=
 [[[-0.000000000000e+00 -0.000000000000e+00]
  [ 6.853311588553e-06 -0.000000000000e+00]]

 [[-0.000000000000e+00 -0.000000000000e+00]
  [ 5.718895302983e-04 -0.000000000000e+00]]]
jact=
 [[ 1.177371217003e+02 -8.310432022971e+01]
 [ 1.045829351875e+00 -8.970645965926e-02]]
jac=
 [[0.             0.            ]
 [0.37237016737  0.385652262573]]
B=
 [[ 0.              0.            ]
 [-0.005720024193  1.            ]]
hest=
 [[[ 266.584540505949 -180.078865977687]
  [   1.237136385353   -0.805915927272]]

 [[-180.078865977687  123.58922972701 ]
  [  -0.805915927272    0.540469526027]]]
dBdy @ jact
 [[[ 0.              0.            ]
  [ 0.001404988037  0.            ]]

 [[ 0.              0.            ]
  [-0.000620841986  0.            ]]]
(dBdy @ jact) @ jact
 [[[ 0.              0.            ]
  [ 0.165419247543 -0.116760575776]]

 [[ 0.              0.            ]
  [-0.073096148459  0.051594651214]]]
B@hest
 [[[ 0.              0.            ]
  [-0.287733635742  0.224139542714]]

 [[ 0.              0.            ]
  [ 0.224139542714 -0.166463857969]]]
hes=(dBdy @ jact) @ jact + B @ hest
 [[[ 0.              0.            ]
  [-0.122314388198  0.107378966938]]

 [[ 0.              0.            ]
  [ 0.151043394255 -0.114869206755]]]
=================
jact
 [[ 1.177371181995e+02 -8.310431692733e+01]
 [ 1.045829319619e+00 -8.970642566498e-02]]
hest
 [[[ 266.584524223065 -180.078853034473]
  [   1.237136307974   -0.805915867661]]

 [[-180.078853034473  123.589219546568]
  [  -0.805915867661    0.540469480167]]]
tau
 2.363427059467039
dfdy [[ 7.4  -1.  ]
 [ 0.04 -0.2 ]]
dBdy=
 [[[-0.000000000000e+00 -0.000000000000e+00]
  [ 6.853311125428e-06 -0.000000000000e+00]]

 [[-0.000000000000e+00 -0.000000000000e+00]
  [ 5.718895304236e-04 -0.000000000000e+00]]]
jact=
 [[ 1.177371181995e+02 -8.310431692733e+01]
 [ 1.045829319619e+00 -8.970642566498e-02]]
jac=
 [[ 1.307144594781e-14 -9.226432609846e-15]
 [ 3.723701576455e-01  3.856522759075e-01]]
B=
 [[ 1.110223024625e-16  0.000000000000e+00]
 [-5.720024171406e-03  1.000000000000e+00]]
hest=
 [[[ 266.584524223065 -180.078853034473]
  [   1.237136307974   -0.805915867661]]

 [[-180.078853034473  123.589219546568]
  [  -0.805915867661    0.540469480167]]]
dBdy @ jact
 [[[ 0.              0.            ]
  [ 0.001404987941  0.            ]]

 [[ 0.              0.            ]
  [-0.000620841905  0.            ]]]
(dBdy @ jact) @ jact
 [[[ 0.              0.            ]
  [ 0.165419231223 -0.116760563089]]

 [[ 0.              0.            ]
  [-0.073096136802  0.05159464247 ]]]
B@hest
 [[[ 2.959682768012e-14 -1.999276888870e-14]
  [-2.877336143051e-01  2.241395244548e-01]]

 [[-1.999276888870e-14  1.372115971361e-14]
  [ 2.241395244548e-01 -1.664638429646e-01]]]
hes=(dBdy @ jact) @ jact + B @ hest
 [[[ 2.959682768012e-14 -1.999276888870e-14]
  [-1.223143830816e-01  1.073789613657e-01]]

 [[-1.999276888870e-14  1.372115971361e-14]
  [ 1.510433876533e-01 -1.148692004950e-01]]]
=================
jact
 [[ 1.177371249802e+02 -8.310432291256e+01]
 [ 1.045829381374e+00 -8.970648649233e-02]]
hest
 [[[ 266.584555521326 -180.07887705958 ]
  [   1.237136455711   -0.805915977814]]

 [[-180.07887705958   123.589237937469]
  [  -0.805915977814    0.540469562767]]]
tau
 2.3634271185874964
dfdy [[ 7.4  -1.  ]
 [ 0.04 -0.2 ]]
dBdy=
 [[[-0.000000000000e+00 -0.000000000000e+00]
  [ 6.853311108908e-06 -0.000000000000e+00]]

 [[-0.000000000000e+00 -0.000000000000e+00]
  [ 5.718895304281e-04 -0.000000000000e+00]]]
jact=
 [[ 1.177371249802e+02 -8.310432291256e+01]
 [ 1.045829381374e+00 -8.970648649233e-02]]
jac=
 [[0.             0.            ]
 [0.372370180705 0.385652249253]]
B=
 [[ 0.              0.            ]
 [-0.005720024171  1.            ]]
hest=
 [[[ 266.584555521326 -180.07887705958 ]
  [   1.237136455711   -0.805915977814]]

 [[-180.07887705958   123.589237937469]
  [  -0.805915977814    0.540469562767]]]
dBdy @ jact
 [[[ 0.             0.           ]
  [ 0.00140498802  0.           ]]

 [[ 0.             0.           ]
  [-0.00062084198  0.           ]]]
(dBdy @ jact) @ jact
 [[[ 0.              0.            ]
  [ 0.165419250151 -0.116760578134]]

 [[ 0.              0.            ]
  [-0.073096149775  0.051594652371]]]
B@hest
 [[[ 0.              0.            ]
  [-0.287733645392  0.22413955159 ]]

 [[ 0.              0.            ]
  [ 0.22413955159  -0.166463865467]]]
hes=(dBdy @ jact) @ jact + B @ hest
 [[[ 0.              0.            ]
  [-0.122314395241  0.107378973456]]

 [[ 0.              0.            ]
  [ 0.151043401815 -0.114869213095]]]
{'y': array([-50.            ,  -1.715916299391]), 'jac': array([[0.            , 0.            ],
       [0.37237016737 , 0.385652262573]]), 'hes': array([[[ 0.            , -0.122314388198],
        [ 0.            ,  0.107378966938]],

       [[ 0.            ,  0.151043394255],
        [ 0.            , -0.114869206755]]])} 
 {'y': array([-50.            ,  -1.715916262154]), 'jac': array([[ 1.307144594781e-14, -9.226432609846e-15],
       [ 3.723701576455e-01,  3.856522759075e-01]]), 'hes': array([[[ 2.959682768012e-14, -1.223143830816e-01],
        [-1.999276888870e-14,  1.073789613657e-01]],

       [[-1.999276888870e-14,  1.510433876533e-01],
        [ 1.372115971361e-14, -1.148692004950e-01]]])} 
 {'y': array([-50.            ,  -1.715916260826]), 'jac': array([[0.            , 0.            ],
       [0.372370180705, 0.385652249253]]), 'hes': array([[[ 0.            , -0.122314395241],
        [ 0.            ,  0.107378973456]],

       [[ 0.            ,  0.151043401815],
        [ 0.            , -0.114869213095]]])}
hes(n):x0
 [[ 1.307144594781e-07 -9.226432609846e-08]
 [-9.724514860032e-02  1.333483978794e-01]]
hes(n):y0
 [[ 0.              0.            ]
 [ 0.133348471154 -0.133199709595]]
